1 37.654656 -122.4077498
2 33.5676842 -117.7256083
3 44.0805434 -103.2310149
4 45.1732394 -93.3030063
5 42.4250964 -71.066163
6 40.0455917 -86.0085955
7 26.4614625 -80.0728201
8 26.6617635 -80.2683571
9 38.789217 -90.322614
10 41.0997803 -80.6495194
11 33.6189101 -117.9289469
12 40.4842027 -88.9936873
13 33.6971468 -117.185294
14 37.4137536 -79.1422464
15 40.3977612 -105.0749801
16 39.7674578 -94.846681
17 38.6779591 -121.1760583
18 39.8403147 -88.9548001
19 38.2975381 -122.286865
20 33.1031744 -96.6705503
21 32.9810059 -80.0325867
22 42.1211364 -88.2578582
23 33.9652918 -118.1514588
24 42.0028761 -71.5147839
25 44.9530215 -92.9952153
26 38.9784453 -76.4921829
27 34.6992579 -86.7483318
28 40.521893 -111.9391023
29 37.7749295 -122.4194155
30 41.8239891 -71.4128343
31 37.5629917 -122.3255254
32 27.8005828 -97.396381
33 46.6020711 -120.5058987
34 25.9860762 -80.3035602
35 28.5383355 -81.3792365
36 32.2217429 -110.926479
37 39.7589478 -84.1916069
38 35.9131996 -79.0558445
39 33.8491816 -118.3884078
40 30.3674198 -89.0928155
41 42.8142432 -73.9395687
42 45.0105194 -93.4555093
43 37.7396513 -121.4252227
44 35.9250637 -86.8688899
45 42.3265152 -122.8755949
46 39.0067768 -76.7791365
47 42.866632 -106.313081
48 34.6100243 -112.315721
49 39.8083196 -104.9338675
50 35.1359386 -114.5285981
51 39.8386516 -86.0252612
52 36.3955891 -97.8783911
53 32.844017 -97.1430671
54 33.7700504 -118.1937395
55 35.8456213 -86.39027
56 37.3382082 -121.8863286
57 34.0922335 -117.435048
58 41.6763545 -86.2519898
59 39.7294319 -104.8319195
60 35.6528323 -97.4780954
61 30.6953657 -88.0398912
62 31.9973456 -102.0779146
63 42.1014831 -72.589811
64 40.5852602 -105.084423
65 34.7464809 -92.2895948
66 39.7392358 -104.990251
67 25.8575963 -80.2781057
68 40.7127837 -74.0059413
69 41.6005448 -93.6091064
70 31.7775757 -106.4424559
71 29.7604267 -95.3698028
72 34.2257255 -77.9447102
73 41.6362152 -70.934205
74 32.3199396 -106.7636538
75 34.2694474 -118.781482
76 33.4936391 -117.1483648
77 42.2808256 -83.7430378
78 30.5082551 -97.678896
79 39.0558235 -95.6890185
80 30.080174 -94.1265562
81 33.1506744 -96.8236116
82 42.7762015 -71.0772796
83 37.7249296 -122.1560768
84 33.9898188 -117.7325848
85 39.1404477 -121.6169108
86 37.7799273 -121.9780153
87 41.394817 -73.4540111
88 39.7284944 -121.8374777
89 26.1003654 -80.3997748
90 42.6064095 -83.1497751
91 33.7444613 -118.3870173
92 42.7369792 -84.4838654
93 32.6789476 -115.4988834
94 44.7677424 -93.2777226
95 34.0805651 -118.072846
96 41.3164856 -73.0931641
97 44.7973962 -93.5272861
98 47.6739881 -122.121512
99 32.9628232 -117.0358646
100 42.5348993 -92.4453161
101 41.6155909 -87.5294871
102 44.9901194 -123.0262077
103 48.0517637 -122.1770818
104 34.9889818 -90.0125913
105 37.931868 -121.6957863
106 34.0555693 -117.1825381
107 40.9114882 -73.7823549
108 33.7825194 -117.2286478
109 38.5449065 -121.7405167
110 34.0122346 -117.688944
111 46.7866719 -92.1004852
112 34.0686208 -117.9389526
113 35.4675602 -97.5164276
114 37.9577016 -121.2907796
115 33.7455731 -117.8678338
116 30.3321838 -81.655651
117 39.7817213 -89.6501481
118 34.0633443 -117.6508876
119 38.1040864 -122.2566367
120 41.49932 -81.6943605
121 39.3642834 -74.4229266
122 35.0867577 -89.8100858
123 27.8428025 -82.6995443
124 37.2871651 -121.9499568
125 33.9172357 -118.0120086
126 41.9994722 -88.1450735
127 26.339806 -81.7786972
128 32.3909071 -110.966488
129 45.6769979 -111.0429339
130 35.9828412 -86.5186045
131 34.9495672 -81.9320482
132 31.3271189 -89.2903392
133 39.1434406 -77.2013705
134 45.0724642 -93.4557877
135 41.0339862 -73.7629097
136 42.0333607 -88.0834059
137 47.6814875 -122.2087353
138 41.408969 -75.6624122
139 42.4894801 -83.1446485
140 43.4916514 -112.0339645
141 46.8787176 -113.996586
142 32.9029017 -96.56388
143 33.7091847 -117.9536697
144 25.9331488 -80.1625463
145 39.843947 -84.1246608
146 42.7653662 -71.467566
147 47.610377 -122.2006786
148 36.8252277 -119.7029194
149 33.2000368 -117.2425355
150 39.114053 -94.6274636
151 40.9312099 -73.8987469
152 35.2225668 -97.4394777
153 29.5635666 -95.2860474
154 42.5144566 -83.0146526
155 32.8406946 -83.6324022
156 33.9424658 -117.2296717
157 42.3736158 -71.1097335
158 40.4862157 -74.4518188
159 38.7521235 -121.2880059
160 40.5067723 -74.2654234
161 44.9211836 -93.4687489
162 34.1397292 -118.0353449
163 33.3942655 -104.5230242
164 39.6895036 -84.1688274
165 40.5246711 -111.8638226
166 42.2625932 -71.8022934
167 34.0007104 -81.0348144
168 32.3668052 -86.2999689
169 36.8507689 -76.2858726
170 39.1031182 -84.5120196
171 33.3528264 -111.789027
172 44.0520691 -123.0867536
173 33.4151843 -111.8314724
174 41.0814447 -81.5190053
175 38.0293059 -78.4766781
176 42.5278731 -70.9286609
177 35.042036 -89.6645266
178 40.9263957 -98.3420118
179 39.3722121 -104.8560902
180 40.5186809 -78.3947359
181 40.7062128 -73.6187397
182 34.0739016 -117.3136547
183 25.72149 -80.2683838
184 41.7369803 -111.8338359
185 42.5834228 -71.8022955
186 38.5767017 -92.1735164
187 37.3058839 -89.5181476
188 42.2505943 -83.1785361
189 42.4792618 -71.1522765
190 39.6417629 -77.7199932
191 28.6122187 -80.8075537
192 40.6084305 -75.4901833
193 41.5581525 -73.0514965
194 33.9791793 -118.032844
195 39.9259463 -75.1196199
196 42.1292241 -80.085059
197 37.2709704 -79.9414266
198 37.0965278 -113.5684164
199 26.3017374 -98.1633432
200 44.0581728 -121.3153096
201 43.5407172 -116.5634624
202 33.5225261 -117.7075526
203 34.5008311 -117.1858759
204 34.0165053 -118.1137535
205 39.4142688 -77.4105409
206 30.8327022 -83.2784851
207 28.8028612 -81.269453
208 31.2232313 -85.3904888
209 32.6098566 -85.4807825
210 32.216316 -80.752608
211 34.483901 -114.3224548
212 33.7222445 -116.3744556
213 42.3764852 -71.2356113
214 47.6776832 -116.7804664
215 38.7874699 -90.6298922
216 32.8383828 -116.9739167
217 25.4687224 -80.4775569
218 44.8041322 -93.1668858
219 42.034722 -93.62
220 29.5293998 -95.2010447
221 42.1391927 -87.9289591
222 44.9591352 -89.6301221
223 32.8323225 -79.8284258
224 47.6732281 -117.2393748
225 34.769536 -92.2670941
226 37.6624312 -121.8746789
227 40.6975898 -74.2631635
228 37.3021632 -120.4829677
229 26.640628 -81.8723084
230 42.36837 -83.3527097
231 32.5007037 -94.7404891
232 35.7795897 -78.6381787
233 34.0686206 -118.0275667
234 43.0389025 -87.9064736
235 33.6839473 -117.7946942
236 33.3061605 -111.8412502
237 33.6292337 -112.3679279
238 32.4609764 -84.9877094
239 39.5296329 -119.8138027
240 41.6639383 -83.555212
241 38.9071923 -77.0368707
242 34.1063989 -117.5931084
243 47.9789848 -122.2020794
244 34.1425078 -118.255075
245 33.7877944 -117.8531119
246 38.9517053 -92.3340724
247 42.8864468 -78.8783689
248 32.7554883 -97.3307658
249 32.4487364 -99.7331439
250 35.612661 -77.3663538
251 33.8886259 -117.8131125
252 42.3370413 -71.2092214
253 40.767323 -74.2048677
254 41.117744 -73.4081575
255 47.3073228 -122.2284532
256 33.8316745 -118.281693
257 42.7261309 -87.7828523
258 26.2128609 -80.2497707
259 39.978371 -86.1180435
260 34.8526176 -82.3940104
261 41.5731442 -87.7932939
262 41.5381535 -72.8070435
263 33.8883487 -118.3089624
264 25.8900949 -80.1867138
265 41.1543623 -95.9145568
266 42.8694731 -85.6447492
267 41.8661403 -88.1070127
268 42.2011538 -85.5800022
269 39.5150576 -84.3982763
270 42.1250929 -72.749538
271 33.9204354 -80.3414693
272 43.0605671 -88.1064787
273 42.0255827 -88.1784085
274 42.9764027 -88.1084224
275 38.7509488 -77.4752667
276 32.9312336 -96.4597089
277 35.410694 -80.8428504
278 42.4974085 -82.8963604
279 37.9100783 -122.0651819
280 34.0194543 -118.4911912
281 34.095287 -118.1270146
282 42.4733688 -83.2218731
283 41.6619927 -86.1586156
284 33.7458511 -117.826166
285 36.7282054 -76.5835621
286 42.8713032 -112.4455344
287 37.6138253 -122.4869194
288 42.5584283 -70.880049
289 31.5455001 -110.2772856
290 41.5242649 -72.0759105
291 30.3960318 -88.8853078
292 40.1105875 -88.2072697
293 32.8546197 -79.9748103
294 33.6411316 -117.9186689
295 38.3565773 -121.9877444
296 26.007765 -80.2962555
297 37.9715592 -87.5710898
298 38.2526647 -85.7584557
299 39.8027644 -105.0874842
300 42.0354084 -88.2825668
301 33.0198431 -96.6988856
302 33.7739053 -117.9414477
303 34.9530337 -120.4357191
304 37.0870821 -76.4730122
305 36.7682088 -76.2874927
306 32.7459645 -96.9977846
307 33.5386523 -112.1859866
308 40.735657 -74.1723667
309 32.9483335 -96.7298519
310 27.950575 -82.4571776
311 32.8342952 -97.2289029
312 42.6583661 -83.1499322
313 36.1867442 -94.1288141
314 40.1672068 -105.1019275
315 36.8354258 -76.2982742
316 33.930293 -118.2114603
317 47.4828776 -122.2170661
318 34.09751 -117.6483876
319 41.5833688 -87.5000412
320 42.1662831 -87.9631308
321 42.2411344 -88.3161965
322 31.3112936 -92.4451371
323 37.8215929 -121.9999606
324 36.0331164 -86.7827772
325 36.5859718 -79.3950228
326 43.7508284 -87.71453
327 47.0342629 -122.8231915
328 41.9294736 -88.7503647
329 43.6155825 -84.2472116
330 36.910231 -121.7568946
331 32.5159852 -93.7321228
332 38.6785157 -121.7732971
333 26.2517482 -80.1789351
334 42.4084302 -71.0119948
335 32.7678287 -117.0230839
336 29.8832749 -97.9413941
337 45.1607987 -93.2349489
338 30.505198 -97.8202888
339 32.8370727 -97.0819541
340 33.6633573 -116.3100095
341 47.5673202 -122.6329356
342 39.8961821 -104.9811468
343 33.8025155 -117.9931165
344 40.742551 -84.1052256
345 33.0185039 -80.1756481
346 41.2459149 -75.8813075
347 40.2731911 -76.8867008
348 38.3498195 -81.6326234
349 35.732652 -78.8502856
350 27.4989278 -82.5748194
351 42.5083482 -89.0317765
352 32.9545687 -97.0150078
353 41.4819932 -81.7981908
354 40.0992294 -83.1140771
355 38.5815719 -121.4943996
356 39.8366528 -105.0372046
357 33.1580933 -117.3505939
358 33.9304352 -84.3733147
359 39.5807452 -104.8771726
360 34.1975048 -119.1770516
361 37.5407246 -77.4360481
362 45.5228939 -122.989827
363 41.5236437 -90.5776367
364 31.8456816 -102.3676431
365 42.0883603 -87.9806265
366 40.3356483 -75.9268747
367 37.4946568 -120.8465941
368 35.3859242 -94.3985475
369 40.1164204 -88.2433829
370 35.8422967 -90.704279
371 44.2619309 -88.4153847
372 40.8584328 -74.1637553
373 33.7475203 -116.9719684
374 42.4999942 -96.4003069
375 36.06523 -119.0167679
376 34.2163937 -119.0376023
377 33.0369867 -117.2919818
378 35.7688425 -119.2470536
379 45.5579451 -94.1632404
380 40.1053196 -85.6802541
381 26.1906306 -97.6961026
382 39.0228485 -94.7151865
383 35.3395079 -97.4867028
384 40.486427 -86.1336033
385 41.8137116 -71.3700545
386 33.7839084 -116.958635
387 36.1156071 -97.0583681
388 26.1723065 -80.1319893
389 39.613321 -105.0166498
390 34.6391501 -120.4579409
391 38.0608445 -97.9297743
392 29.383845 -94.9027002
393 41.6266555 -93.7121656
394 41.6661573 -81.339552
395 33.9294606 -116.977248
396 34.5400242 -112.4685025
397 43.2341813 -86.2483921
398 28.2489016 -81.2811801
399 40.114955 -111.654923
400 32.5920798 -96.7561082
401 32.436381 -111.2224422
402 35.9556923 -80.0053176
403 42.0834335 -71.0183787
404 37.6818745 -121.7680088
405 38.2493581 -122.0399663
406 34.1064001 -117.3703235
407 26.1275862 -80.2331036
408 46.8771863 -96.7898034
409 33.4355977 -112.3496021
410 33.4353394 -112.3576567
411 26.3683064 -80.1289321
412 33.9816812 -118.2250725
413 44.8546856 -93.470786
414 39.0169509 -94.2816148
415 43.0166806 -88.0070315
416 40.9125992 -73.8370786
417 41.5931049 -81.5267873
418 40.7989473 -81.378447
419 33.8651033 -84.3365917
420 40.6639916 -74.2107006
421 39.8680412 -104.9719243
422 39.768403 -86.158068
423 40.9167654 -74.171811
424 61.2180556 -149.9002778
425 33.5805955 -112.2373779
426 40.6936488 -89.5889864
427 33.2148412 -97.1330683
428 44.9428975 -123.0350963
429 34.274646 -119.2290316
430 38.8338816 -104.8213634
431 32.7764749 -79.9310512
432 34.6867846 -118.1541632
433 30.4382559 -84.2807329
434 30.2240897 -92.0198427
435 43.6187102 -116.2146068
436 33.4255104 -111.9400054
437 41.2523634 -95.9979883
438 41.6612104 -72.7795419
439 26.5317866 -80.0905465
440 30.627977 -96.3344068
441 39.7390721 -75.5397878
442 40.5865396 -122.3916754
443 40.4233142 -104.7091322
444 40.8567662 -74.1284764
445 42.9133602 -85.7053085
446 29.6196787 -95.6349463
447 30.6743643 -96.3699632
448 30.4393696 -97.6200043
449 41.5772115 -93.711332
450 37.7021521 -121.9357918
451 40.7439905 -74.0323626
452 28.2919557 -81.407571
453 30.421309 -87.2169149
454 41.6819935 -85.9766671
455 30.3118769 -95.4560512
456 41.452819 -82.1823746
457 33.4150485 -111.5495777
458 37.2295733 -80.4139393
459 42.4972583 -82.9371409
460 43.4194699 -83.9508068
461 33.425125 -94.0476882
462 32.8234621 -97.1705678
463 38.0405837 -84.5037164
464 30.4582829 -91.1403196
465 33.1192068 -117.086421
466 37.6390972 -120.9968782
467 37.5482697 -121.9885719
468 39.7047095 -105.0813734
469 26.5628537 -81.9495331
470 29.4241219 -98.4936282
471 36.0395247 -114.9817213
472 33.640855 -117.603104
473 35.4873613 -80.6217341
474 42.0664167 -87.9372908
475 37.3229978 -122.0321823
476 42.3211522 -85.1797142
477 48.2329668 -101.2922906
478 34.0900091 -117.8903397
479 40.6677248 -111.9388258
480 39.1836082 -96.5716694
481 29.3013479 -94.7976958
482 41.7014912 -71.1550451
483 41.6717648 -72.9492703
484 40.6687141 -74.1143091
485 42.3222599 -83.1763145
486 39.3995008 -84.5613355
487 26.0764783 -80.2521157
488 26.2034071 -98.2300124
489 43.661471 -70.2553259
490 43.100903 -75.232664
491 32.3512601 -95.3010624
492 28.5652787 -81.5861847
493 35.2270869 -80.8431267
494 39.0911161 -94.4155068
495 41.0534302 -73.5387341
496 41.7637111 -72.6850932
497 42.9633599 -85.6680863
498 34.7303688 -86.5861037
499 25.9017472 -97.4974838
500 33.8752935 -117.5664384
501 31.549333 -97.1466695
502 42.4500845 -73.2453824
503 33.8302961 -116.5452921
504 33.8894598 -118.1597911
505 41.5200518 -81.556235
506 37.0057816 -121.5682751
507 39.6136578 -86.1066526
508 41.8850317 -87.7845025
509 27.3364347 -82.5306527
510 32.5093109 -92.1193012
511 42.9956397 -71.4547891
512 45.0941315 -93.3563405
513 33.8675143 -117.9981181
514 33.9022367 -118.081733
515 39.165325 -86.5263857
516 38.2544472 -104.6091409
517 42.324204 -83.400211
518 42.732535 -84.5555347
519 45.5001357 -122.4302013
520 33.9971974 -117.4854802
521 41.2705484 -72.9469711
522 33.8816818 -118.1170117
523 41.6303103 -87.8539425
524 38.7907339 -121.2357828
525 36.2077288 -119.3473379
526 37.7719074 -87.1111676
527 26.1403635 -80.2133808
528 33.0145673 -97.0969552
529 33.952602 -84.5499327
530 34.1954331 -79.7625625
531 42.3917638 -71.0328284
532 37.6304904 -122.4110835
533 38.5200504 -89.9839935
534 34.1083449 -117.2897652
535 32.6400541 -117.0841955
536 36.8529263 -75.977985
537 32.715738 -117.1610838
538 44.977753 -93.2650108
539 36.6777372 -121.6555013
540 32.7667955 -96.5991593
541 33.1972465 -96.6397822
542 31.1171194 -97.7277959
543 44.840798 -93.2982799
544 38.9108408 -94.3821724
545 41.7798226 -71.4372796
546 37.8715926 -122.272747
547 26.271192 -80.2706044
548 35.2045328 -89.8739753
549 39.4863773 -75.0259637
550 44.519159 -88.019826
551 26.9342246 -80.0942087
552 32.6926512 -114.6276916
553 36.3047735 -86.6199957
554 34.1283442 -117.2086513
555 32.792 -115.5630514
556 39.5186002 -104.7613633
557 41.5067003 -90.5151342
558 32.9342919 -97.0780654
559 38.8402805 -97.6114237
560 40.0581205 -82.4012642
561 38.3396367 -122.7010984
562 38.0193657 -122.1341321
563 41.5094771 -90.5787476
564 32.3643098 -88.703656
565 35.1595182 -84.8766115
566 33.0806083 -96.8928309
567 42.3875968 -71.0994968
568 37.3541079 -121.9552356
569 26.7153424 -80.0533746
570 25.9420377 -80.2456045
571 33.9137085 -98.4933873
572 40.4167022 -86.8752869
573 42.0450722 -87.6876969
574 45.487062 -122.8037102
575 43.0125274 -83.6874562
576 27.9094665 -82.7873244
577 36.0956918 -79.4377991
578 38.4192496 -82.445154
579 38.0279762 -121.8846806
580 35.4495065 -97.3967019
581 36.548434 -82.5618186
582 29.9940924 -90.2417434
583 38.1341477 -121.2722194
584 44.8896866 -93.3499489
585 41.9125286 -88.1347927
586 34.4047987 -103.2052272
587 28.5691677 -81.5439619
588 41.04422 -83.6499321
589 41.1616108 -112.0263313
590 33.9698929 -84.2214551
591 34.1705609 -118.8375937
592 34.0522342 -118.2436849
593 40.7281575 -74.0776417
594 38.440429 -122.7140548
595 47.6587802 -117.4260466
596 39.2903848 -76.6121893
597 37.8043637 -122.2711137
598 36.7468422 -119.7725868
599 44.9537029 -93.0899578
600 34.5362184 -117.2927641
601 26.1224386 -80.1373174
602 37.2089572 -93.2922989
603 41.8781136 -87.6297982
604 42.331427 -83.0457538
605 41.525031 -88.0817251
606 38.8813958 -94.8191285
607 27.5305671 -99.4803241
608 32.912624 -96.6388833
609 46.2112458 -119.1372338
610 37.9357576 -122.3477486
611 32.6130007 -83.624201
612 29.5844524 -81.2078699
613 34.0289259 -84.198579
614 45.7832856 -108.5006904
615 28.0836269 -80.6081089
616 28.9005446 -81.2636738
617 41.5933696 -87.3464271
618 40.5649781 -111.8389726
619 34.9248667 -81.0250784
620 46.8083268 -100.7837392
621 32.8795022 -111.7573521
622 43.0494572 -88.0075875
623 39.1637984 -119.7674034
624 34.1336186 -117.9075627
625 29.6185669 -95.5377215
626 42.492786 -92.3425775
627 42.7284117 -73.6917851
628 37.1305012 -121.6543901
629 42.0986867 -75.9179738
630 42.51954 -70.8967155
631 35.7478769 -95.3696909
632 34.2284312 -92.0031955
633 40.6576022 -73.5831835
634 41.8800296 -88.0078435
635 39.3454673 -84.5603187
636 47.3223221 -122.3126222
637 42.6334247 -71.3161718
638 35.4087517 -80.579511
639 36.060949 -95.7974526
640 27.9658533 -82.8001026
641 40.0149856 -105.2705456
642 47.3809335 -122.2348431
643 40.6096698 -111.9391031
644 43.6121087 -116.3915131
645 41.6611277 -91.5301683
646 38.5890723 -121.302728
647 42.3369816 -83.2732627
648 33.4269728 -117.6119925
649 40.6337136 -74.4073736
650 34.033625 -117.0430865
651 33.3703197 -112.5837766
652 33.8839926 -84.5143761
653 42.5005583 -90.6645718
654 40.4406248 -79.9958864
655 41.1865478 -73.1951767
656 41.308274 -72.9278835
657 36.1626638 -86.7816016
658 33.8352932 -117.9145036
659 38.6270025 -90.1994042
660 43.0481221 -76.1474244
661 21.3069444 -157.8583333
662 41.7605849 -88.3200715
663 44.9597376 -93.3702186
664 44.7319094 -93.21772
665 47.8106521 -122.3773552
666 39.1156615 -77.5636015
667 25.5808323 -80.3468593
668 32.7995738 -97.2691817
669 33.9166805 -117.9000604
670 28.6934076 -81.5322149
671 34.79981 -87.677251
672 25.8195424 -80.3553302
673 32.4709761 -85.0007653
674 32.6518004 -96.9083366
675 39.9525839 -75.1652215
676 36.0726354 -79.7919754
677 33.7513419 -117.9939921
678 33.1433723 -117.1661449
679 36.5297706 -87.3594528
680 33.9401088 -118.1331593
681 42.466763 -70.9494938
682 28.0394654 -81.9498042
683 41.8455877 -87.7539448
684 35.9382103 -77.7905339
685 47.9252568 -97.0328547
686 38.6631083 -90.5770675
687 40.8859325 -74.0434736
688 40.6642699 -73.7084645
689 29.1383165 -80.9956105
690 26.6276276 -80.1353896
691 39.9625984 -76.727745
692 41.8505874 -87.7936685
693 39.7136754 -82.5993294
694 48.74908 -122.4781473
695 33.8536269 -118.1339563
696 37.4323341 -121.8995741
697 42.0333623 -87.8833991
698 44.9238552 -92.9593797
699 39.4667034 -87.4139092
700 46.2395793 -119.1005657
701 42.6389216 -83.2910468
702 26.1947962 -98.1836216
703 31.0982344 -97.342782
704 40.1261743 -82.9290696
705 39.158168 -75.5243682
706 33.9519347 -83.357567
707 37.3860517 -122.0838511
708 33.954737 -118.2120161
709 32.7947731 -116.9625269
710 29.6516344 -82.3248262
711 36.3302284 -119.2920585
712 42.2917069 -85.5872286
713 28.0344621 -80.5886646
714 34.6035669 -98.3959291
715 31.5785074 -84.155741
716 33.6680772 -117.3272615
717 39.9205411 -105.0866504
718 47.4941836 -111.2833449
719 44.811349 -91.4984941
720 35.6869752 -105.937799
721 36.3320196 -94.1185366
722 32.5631924 -97.1416768
723 28.8052674 -97.0035982
724 38.5804609 -121.530234
725 41.9445441 -71.2856082
726 47.6162683 -122.0355736
727 33.6803003 -116.173894
728 35.7212689 -77.9155395
729 40.4594021 -74.360846
730 43.8013556 -91.2395807
731 33.0581063 -112.0476423
732 45.4312294 -122.7714861
733 33.0151201 -96.5388789
734 42.3459271 -71.5522874
735 43.7730448 -88.4470508
736 36.3728538 -94.2088172
737 46.8737648 -96.7678039
738 30.1588129 -85.6602058
739 33.4734978 -82.0105148
740 35.0526641 -78.8783585
741 35.0853336 -106.6055534
742 33.8358492 -118.3406288
743 41.7508391 -88.1535352
744 35.9606384 -83.9207392
745 42.2711311 -89.0939952
746 26.0112014 -80.1494901
747 43.0730517 -89.4012302
748 34.3916641 -118.542586
749 29.9510658 -90.0715323
750 33.1958696 -117.3794834
751 35.9940329 -78.898619
752 43.16103 -77.6109219
753 27.773056 -82.64
754 35.2219971 -101.8312969
755 33.5778631 -101.8551665
756 37.688889 -97.336111
757 33.7805388 -116.4668036
758 26.8233946 -80.1386547
759 33.8722371 -117.8703363
760 41.900101 -71.0897674
761 47.1717649 -122.518458
762 44.6496868 -93.24272
763 41.719978 -87.7479528
764 37.0842271 -94.513281
765 32.5896998 -96.8570738
766 41.3683798 -82.1076486
767 41.7003208 -70.3002024
768 28.6611089 -81.3656242
769 41.8089191 -88.0111746
770 37.5296593 -122.0402399
771 41.8994744 -87.9403418
772 25.9564812 -80.1392121
773 39.7092262 -84.0632685
774 26.1595194 -97.9908366
775 40.6668916 -111.8879909
776 32.6781085 -117.0991967
777 43.5445959 -96.7311034
778 33.6469661 -117.689218
779 41.878711 -71.3825558
780 37.6688205 -122.0807964
781 37.7652065 -122.2416355
782 29.7030024 -98.1244531
783 33.7205771 -116.2155619
784 29.5074538 -95.0949303
785 32.9756415 -96.8899636
786 34.0211224 -118.3964665
787 34.0775104 -117.6897776
788 41.632223 -88.2120315
789 41.2306979 -73.064036
790 39.2014404 -85.9213796
791 43.6629384 -116.6873596
792 40.8893895 -111.880771
793 33.9533487 -117.3961564
794 33.4941704 -111.9260519
795 33.5206608 -86.80249
796 35.1495343 -90.0489801
797 41.079273 -85.1393513
798 45.5230622 -122.6764816
799 39.9611755 -82.9987942
800 32.8140177 -96.9488945
801 30.267153 -97.7430608
802 34.4208305 -119.6981901
803 36.0625795 -94.1574263
804 34.5794343 -118.1164613
805 40.7607793 -111.8910474
806 37.9779776 -122.0310733
807 37.7974273 -121.2160526
808 38.8048355 -77.0469214
809 42.1103041 -88.03424
810 29.7355047 -94.9774274
811 40.2338438 -111.6585337
812 42.0629915 -88.1227199
813 34.0286226 -117.8103367
814 36.3134397 -82.3534727
815 37.9735346 -122.5310874
816 47.7556531 -122.3415178
817 38.1074198 -122.5697032
818 40.5621704 -111.929658
819 26.2445263 -80.206436
820 36.0998596 -80.244216
821 36.1988592 -115.1175013
822 40.6916132 -112.0010501
823 35.0456297 -85.3096801
824 47.6062095 -122.3320708
825 36.1699412 -115.1398296
826 33.7489954 -84.3879824
827 29.6910625 -95.2091006
828 32.7766642 -96.7969879
829 34.7540524 -77.4302414
830 42.6827885 -89.0187222
831 41.7001009 -71.4161671
832 38.7881062 -90.4974359
833 38.0049214 -121.805789
834 34.0753762 -84.2940899
835 42.3636331 -87.8447938
836 38.8106075 -90.6998477
837 40.0378755 -76.3055144
838 42.7262016 -71.1908924
839 27.4467056 -80.3256056
840 41.2619444 -95.8608333
841 47.4703767 -122.3467918
842 27.044224 -82.2359254
843 34.6059253 -86.9833417
844 44.6365107 -123.1059282
845 42.48059 -83.4754913
846 41.0602216 -111.9710529
847 42.5250906 -71.759794
848 26.217305 -80.2258811
849 34.0961111 -118.1058333
850 42.9614039 -88.0125865
851 41.931696 -87.9889556
852 35.3732921 -119.0187125
853 38.9822282 -94.6707917
854 37.36883 -122.0363496
855 32.2987573 -90.1848103
856 33.4483771 -112.0740373
857 35.79154 -78.7811169
858 34.055103 -117.7499909
859 32.0835407 -81.0998342
860 25.7616798 -80.1917902
861 40.7878788 -74.0143064
862 38.2775702 -85.7371847
863 43.0962143 -79.0377388
864 42.40843 -71.0536625
865 39.0836712 -84.5085536
866 41.9950276 -88.1856301
867 44.5645659 -123.2620435
868 40.6220478 -74.2445902
869 32.5884689 -96.9561152
870 33.952463 -117.5848025
871 42.1487043 -72.6078672
872 36.9741171 -122.0307963
873 42.4184296 -71.1061639
874 36.9685219 -86.4808043
875 33.9319578 -117.9461734
876 43.0116784 -88.2314813
877 35.1982836 -111.651302
878 39.0839973 -77.1527578
879 29.1871986 -82.1400923
880 42.2180724 -70.9410356
881 35.5950581 -82.5514869
882 35.262082 -81.1873005
883 35.2327544 -106.6630437
884 41.6986416 -88.0683955
885 34.4263886 -117.3008784
886 34.1808392 -118.3089661
887 33.8958492 -118.2200712
888 37.0298687 -76.3452218
889 34.0232431 -84.3615555
890 42.6525793 -73.7562317
891 42.2042586 -72.6162009
892 47.1853785 -122.2928974
893 42.0111412 -87.8406192
894 39.8814519 -83.0929644
895 41.2375569 -80.8184166
896 42.5803122 -83.0302033
897 38.4087993 -121.3716178
898 37.6879241 -122.4702079
899 33.8703596 -117.9242966
900 32.5251516 -93.7501789
901 45.6387281 -122.6614861
902 40.8257625 -96.6851982
903 32.735687 -97.1080656
904 36.1539816 -95.992775
905 38.7071247 -121.2810611
906 37.4852152 -122.2363548
907 30.2265949 -93.2173758
908 26.3184123 -80.0997657
909 33.2098407 -87.5691735
910 40.2170534 -74.7429384
911 42.5847425 -87.8211854
912 33.046233 -96.994174
913 39.9567548 -86.01335
914 41.223 -111.9738304
915 34.0625106 -118.1228476
916 38.4495688 -78.8689155
917 29.2108147 -81.0228331
918 46.2856907 -119.2844621
919 44.0247062 -88.5426136
920 41.1399814 -104.8202462
921 30.6332618 -97.6779842
922 40.5142026 -88.9906312
923 35.0886963 -92.4421011
924 41.7317884 -93.6001278
925 40.7933949 -77.8600012
926 35.7344538 -81.3444573
927 36.7280583 -108.2186856
928 37.9974219 -121.7124536
929 30.7235263 -95.5507771
930 33.9462125 -84.3346473
931 33.6000232 -117.6719953
932 33.9616801 -118.3531311
933 27.2730492 -80.3582261
934 33.5539143 -117.2139232
935 34.1477849 -118.1445155
936 42.3600825 -71.0588801
937 39.0997265 -94.5785667
938 47.2528768 -122.4442906
939 41.9778795 -91.6656232
940 42.4989936 -83.3677168
941 34.0852868 -117.9608978
942 42.7070354 -71.1631137
943 37.5933918 -122.0438298
944 33.9164032 -118.3525748
945 25.790654 -80.1300455
946 39.5349112 -119.7526886
947 26.2159066 -98.3252932
948 40.2968979 -111.6946475
949 33.9830688 -118.096735
950 33.8583483 -118.0647871
951 37.4418834 -122.1430195
952 36.3274502 -119.6456844
953 33.8169599 -118.0372852
954 41.1339449 -81.4845585
955 35.6145169 -88.8139469
956 29.8849504 -93.939947
957 42.0324025 -87.7416246
958 25.9812024 -80.148379
959 41.5623209 -72.6506488
960 34.1442616 -118.0019482
961 41.6475306 -88.0895061
962 29.2858129 -81.0558894
963 42.0697509 -87.7878408
964 40.7684342 -74.1454214
965 41.3144966 -81.83569
966 40.75839 -82.5154471
967 35.2827524 -120.6596156
968 43.2081366 -71.5375718
969 34.1361187 -117.865339
970 38.891565 -121.2930079
971 47.0378741 -122.9006951
972 37.5949316 -120.9577098
973 44.4758825 -73.212072
974 42.5629668 -114.4608711
975 38.9536174 -94.7335709
976 32.9341893 -97.229298
977 34.0200114 -117.9495083
978 45.4206749 -122.6706498
979 44.1635775 -93.9993996
980 39.9356016 -91.4098726
981 32.5420821 -97.3208492
982 33.6356618 -96.6088805
983 33.660297 -117.9992265
984 26.2378597 -80.1247667
985 42.2528772 -71.0022705
986 44.0121221 -92.4801989
987 31.4637723 -100.4370375
988 38.9716689 -95.2352501
989 26.1669711 -80.256595
990 33.4053867 -86.8113781
991 41.4047742 -81.7229086
992 39.0638705 -108.5506486
993 40.6259316 -75.3704579
994 38.232417 -122.6366524
995 44.0462362 -123.0220289
996 36.9613356 -120.0607176
997 39.9242266 -83.8088171
998 42.240872 -83.2696509
999 40.1933767 -85.3863599
1000 40.3916172 -111.8507662
